image: willow-2010-02-18-0.10.pgm
resolution: 0.050000
origin: [-23.550000, -19.150000, 0.0]
negate: 0
occupied_thresh: 0.65
free_thresh: 0.196

